14.13472514173469379045725198
21.02203963877155499262847959
25.01085758014568876321379099
30.42487612585951321031189753
32.93506158773918969066236896
37.58617815882567125721776348
40.91871901214749518739812691
43.32707328091499951949612217
48.00515088116715972794247275
49.77383247767230218191678468
52.97032147771446064414729661
56.44624769706339480436775948
59.34704400260235307965364867
60.83177852460980984425990182
65.11254404808160666087505425
67.07981052949417371447882890
69.54640171117397925292685753
72.06715767448190758252210797
75.70469069908393316832691676
77.14484006887480537268266486
79.33737502024936792276359288
82.91038085408603018316483749
84.73549298051705010573531121
87.42527461312522940653166785
88.80911120763446542368234808
92.49189927055848429625972524
94.65134404051988696659792582
95.87063422824530975874102922
98.83119421819369223332442014
101.3178510057313912287854479
103.7255380404783394163984081
105.4466230523260944936708324
107.1686111842764075151233520
111.0295355431696745246564503
111.8746591769926370856120787
114.3202209154527127658909373
116.2266803208575543821608043
118.7907828659762173229791397
121.3701250024206459189455330
122.9468292935525882008174603
124.2568185543457671847320080
127.5166838795964951242793238
129.5787041999560509857680339
131.0876885309326567235663725
133.4977372029975864501304920
134.7565097533738713313260642
138.1160420545334432001915552
139.7362089521213889504500465
141.1237074040211237619403538
143.1118458076206327394051239
146.0009824867655185474025076
147.4227653425596020495211850
150.0535204207848803514324672
150.9252576122414667618525247
153.0246938111988961982565443
156.1129092942378675697501893
157.5975918175940598875305032
158.8499881714204987241749948
161.1889641375960275194373441
163.0307096871819872433110390
165.5370691879004188300389194
167.1844399781745134409577562
169.0945154155688214895058712
169.9119764794116989666998436
173.4115365195915529598461186
174.7541915233657258133787625
176.4414342977104188888926411
178.3774077760999772858309354
179.9164840202569961393400366
182.2070784843664619154070372
184.8744678483875088009606466
185.5987836777074714665277043
187.2289225835018519916415406
189.4161586560169370848522891
192.0266563607137865472836314
193.0797266038457040474022058
195.2653966795292353214631878
196.8764818409583169486222639
198.0153096762519124249199187
201.2647519437037887330161334
202.4935945141405342776866606
204.1896718031045543307164384
205.3946972021632860252123794
207.9062588878062098615019679
209.5765097168562598528356443
211.6908625953653075639074867
213.3479193597126661906391220
214.5470447834914232229442011
216.1695385082637002658695634
219.0675963490213789856772566
220.7149188393140033691155926
221.4307055546933387320974751
224.0070002546043352117288755
224.9833246695822875037825237
227.4214442796792913104614362
229.3374133055253481077600833
231.2501887004991647738061868
231.9872352531802486037716685
233.6934041789083006407044947
236.5242296658162058024755080
237.7698204809252040032366259
239.5554775733276287402689320
241.0491577962165864128379214
242.8232719342226000168264745
244.0708984970781582368165280
247.1369900748974994675509682
248.1019900601484592567621421
249.5736896447072091923297942
251.0149477950160011429541551
253.0699867479994771945990138
255.3062564549140227530864918
256.3807136944344777893583823
258.6104394915313682089830586
259.8744069896780003506728446
260.8050845045968701859312335
263.5738939048701322330815881
265.5578518388763202924773090
266.6149737815010724957201130
267.9219150828240594403789672
269.9704490239976025946935053
271.4940556416449990181794168
273.4596091884032870457142503
275.5874926493438412487407026
276.4520495031329386798873436
278.2507435298419544927482767
279.2292509277451892284098805
282.4651147650520962330272012
283.2111857332338674204938379
284.8359639809047241331576339
286.6674453630028842928476241
287.9119205014221871552541203
289.5798549292188341527380236
291.8462913290673958355130544
293.5584341393562853567766971
294.9653696192655421750664486
295.5732548789582923884608315
297.9792770619434152099296830
299.8403260537213129600270525
301.6493254621941836234701002
302.6967495896069170517514771
304.8643713408572977001487499
305.7289126020368092892228213
307.2194961281700547894100334
310.1094631467018988047862198
311.1651415303560032709426708
312.4278011806008919804859831
313.9852857311589229790489658
315.4756160894757338685960781
317.7348059423701803956454942
318.8531042563165979066891845
321.1601343091135782919214714
322.1445586724829322988374450
323.4669695575120505062120304
324.8628660517396132649800870
327.4439012619054573434692638
329.0330716804809340336147276
329.9532397282338663438921222
331.4744675826634243756617539
333.6453785248698505849616831
334.2113548332443832324034080
336.8418504283906847946547629
338.3399928508066118862573261
339.8582167253635401923265509
341.0422611110465604825977846
342.0548775103635854514038251
344.6617029402523370441811881
346.3478705660099473959364598
347.2726775844204844757970949
349.3162608706961441231555557
350.4084193491920991876719532
351.8786490253592804367133931
353.4889004887188067836037686
356.0175749772649473179603620
357.1513022520396248096029282
357.9526851016322737551289190
359.7437549531144487992919860
361.2893616958046503902913112
363.3313305789738347473344496
364.7360241140889937162621021
366.2127102883313168610771452
367.9935754817403033261832980
368.9684380957343898915769013
370.0509192121060003396511631
373.0619283721128384491193964
373.8648739109085697447563627
375.8259127667393341079077141
376.3240922306680521171908196
378.4366802499654797240909659
379.8729753465323466510240597
381.4844686171865249196625224
383.4435294495364877043457555
384.9561168148636871037515842
385.8613008459742291805619594
387.2228902223879809759485147
388.8461283542322546008094203
391.4560835636380457705782281
392.2450833395190967490151842
393.4277438444340259366989529
395.5828700109937209708777113
396.3818542225921869319994545
397.9187362096142433869811797
399.9851198761948995059172999
401.8392286005332165399113044
402.8619177638861141763154431
404.2364418002080047402277996
405.1343874599099272574862680
407.5814603868961820763090012
408.9472455023511125196340398
410.5138691933666386467691053
411.9722678042787506646402985
413.2627360701850468862570593
415.0188097551551156463192115
415.4552149962945988571287825
418.3877057895347792260457231
419.8613648181523236878523091
420.6438276250417862679746530
422.0767100588267596298406654
423.7165796274818186105628747
425.0698824944613476143746926
427.2088250840745805281429339
428.1279140766166821103050685
430.3287454309386366699269815
431.3013069307035920195051219
432.1386417345885683062532491
433.8892184809272253029466111
436.1610064326469840718015183
437.5816981676685811540131672
438.6217386562721962909150101
439.9184422143706564102217900
441.6831992011890238742044365
442.9045463026094494697231024
444.3193362775591559203057435
446.8606226964295225288608752
447.4417041944932900655269253
449.1485456850233047530235031
450.1269457803135240300457625
451.4033084453887954621132246
453.9867378066779160383668103
454.9746837686167888753094390
456.3284266892460512244998301
457.9038930641029715746993292
459.5134152811060117540099438
460.0879444221758412553302554
462.0653672748825309638309211
464.0572869105482845762460848
465.6715392113710945529666457
466.5702869308262551673921260
467.4390462102616388566450014
469.5360045591120321918190688
470.7736554781016476901188795
472.7991746619088166582979927
473.8352323451396870738054680
475.6003393693757856054288199
476.7690152374845208528486892
478.0752637666709691998727274
478.9421815346348265383171018
481.8303393762865613666813763
482.8347827909823973065569967
483.8514272124825375601882211
485.5391481293560069300254237
486.5287182616512443523675263
488.3805670900174485271114307
489.6617615779561315127809042
491.3988215936630065692133310
493.3144415817853009363606040
493.9579978053694649095830913
495.3588288221312774968341327
496.4296962157591034839189128
498.5807824296865420166750829
500.3090849416904955393093907
501.6044469651454776633325458
502.2762703271182331753995073
504.4997733134277371837912622
505.4152317422444420295521661
506.4641527095235312215260748
508.8007003364678208094696725
510.2642279436728344207795177
511.5622897003745954604549045
512.6231445314074186671012549
513.6689855554736834362441464
515.4350571672993772496768937
517.5896685724674253413579653
518.2342231475501435738582744
520.1063104117232559031961461
521.5251934494920409677323982
522.4566961777302104301444133
523.9605308920158404870075095
525.0773856872796221805912176
527.9036416012723452296172681
528.4062138522926589416088966
529.8062263187069007981639833
530.8669178839610896443874345
532.6881830282937305051264456
533.7796307537687325654825460
535.6643140758732246170461232
537.0697590831223275883897378
538.4285261762479628435009552
540.2131663762281333836456690
540.6313902472951173601280776
541.8474371212012815471191135
544.3238901010052629031213088
545.6368332489348182548554398
547.0109120581222924636558818
547.9316133644893383104511594
549.4975675626613784599847339
550.9700100394838890456572341
552.0495722005648927925767025
553.7649721191588146171497826
555.7920205616825084165732215
556.8994764068553512619642187
557.5646591720585284085239899
559.3162370286821637609351422
560.2408074972956682417932764
562.5592076160458511081379167
564.1608791107861178138795335
564.5060559381498351222459689
566.6987876828079562415122807
567.7317579011769374503347305
568.9239551796293684967534874
570.0511147824635920385270166
572.4199841324527640452769271
573.6146105267581299872460321
575.0938860144948856074571723
575.8072471409287807094293329
577.0390034720982112166370897
579.0988346720366074312843643
580.1369593623846286727162763
581.9465762659016255515061145
583.2360882191672782619605736
584.5617059034655283669458934
585.9845632049883005741872590
586.7427718912501556447718451
588.1396632662479564175542353
590.6603975167652756310320033
591.7258580650480566492224465
592.5713583002255698207727161
593.9747146822310292438051745
595.7281536973889491770209207
596.3627683283936840895790971
598.4930773461647544010635829
599.5456403643648539975153951
601.6021367359326360517381076
602.5791678863873542988227245
603.6256189035791606722439669
604.6162184937532329146396028
606.3834604221090410886743112
608.4132173111873251751267238
609.3895751547200805273238795
610.8391629377394069267025378
611.7742096208872046351683620
613.5997786756371194051864562
614.6462378722326215255530840
615.5385633694070278534742659
618.1128313664423733825402270
619.1844825979536342490281464
620.2728936722275219190855726
621.7092945279486229572986331
622.3750027397790092178815438
624.2699000181778808347729470
626.0192834276543821983362174
627.2683968507830207519976456
628.3258623594603619359438157
630.4738874382920458706065868
630.8057809271975326418717252
632.2251411671159519521547059
633.5468582522517774841971335
635.5238003106054538105255818
637.3971931598373071737480743
637.9255139808225810934288397
638.9279382668567701937726909
640.6947946688256676231875385
641.9454996657052945453785386
643.2788837813978893611433628
644.9905782297480025124437123
646.3481915955015920338809416
647.7617530042888837937668090
648.7864008887824407710801338
650.1975193452564590832538976
650.6686838913959825305606331
653.6495716053946919020868650
654.3019205863193422754706163
655.7094630223556363160267428
656.9640845994606174228698966
658.1756144186053997448798079
659.6638459729641078311651821
660.7167325952792700521588813
662.2965864311004106443782664
664.2446046522730134498902573
665.3427630955990405427881698
666.5151477041729605487750958
667.1484948945554299410692133
668.9758488202351314061922797
670.3235852058625840344295533
672.4581835841697341813650863
673.0435782861476457701310407
674.3558978101231678961563201
676.1396743636267482031781357
677.2301806687639732478547996
677.8004447462213349189387574
679.7421978825282177195259389
681.8949915331518891094524111
682.6027350197505454875408366
684.0135498138695052361941280
684.9726298620984525457366617
686.1632235877279496034730067
687.9615431847036484827963375
689.3689413622723684232551928
690.4747350323503976939430895
692.4516844155208488498466524
693.1769700606018248456230975
694.5339086998731400156307045
695.7263359209267301678014282
696.6260699003456149709028185
699.1320954760135067108161696
700.2967391321434945680121498
701.3017429546461556851739140
702.2273431457605001194353198
704.0338392955253093226530723
705.1258139546192276668674794
706.1846547995179190258109850
708.2690708851098999952690286
709.2295885702843007090346933
711.1302741796854315654748564
711.9002899143753120389150791
712.7493834701012902546105744
714.0827718206693930769245272
716.1123964540521101481820265
717.4825697031001907144418976
718.7427865454858939884491827
719.6971009883656651326909609
721.3511622185364171283861587
722.2775049756742373403761437
723.8458210451284155116719224
724.5626138903790795922462168
727.0564032300493816176484053
728.4054815889340600347443552
728.7587497956142685661306323
730.4164821227564347099440394
731.4173549185985250807493570
732.8180527144998492085675269
734.7896432523779942523125100
735.7654592085783210769321888
737.0529289122653080423105409
738.5804211713738225217054481
739.9095236740419440297009594
740.5738074472950105150359716
741.7573355729416732758611620
743.8950131424736593815501492
745.3449895506118743256405485
746.4993058994323295096050066
747.6745636242695283595693679
748.2427544650845478685032947
750.6559503621242998668074384
750.9663810666508372684584197
752.8876215672023747495077050
754.3223704717126726851030863
755.8393089760378298727924404
756.7682484399509307201332102
758.1017292464125834114897683
758.9002382248923747674353929
760.2823669835120645318696009
762.7000332496910547280689999
763.5930661728372229969732472
764.3075227241802217362512258
766.0875400998362053944224648
767.2184721555395140824994102
768.2814618065092308234566650
769.6934072526244243250066549
771.0708393136783163211872219
772.9616175657570243378291659
774.1177446279405074021419094
775.0478470965805080500169930
775.9997119631714424777315826
777.2997485295925648165109771
779.1570769491890040639245377
780.3489250041816705381277836
782.1376643908120947543176873
782.5979439460735398661665057
784.2888226124655014631460997
785.7390897007150518406461878
786.4611474505062774598967875
787.4684638159100383814734996
790.0590923641195642949460033
790.8316204679210350190829314
792.4277076086045268663910702
792.8886525626225880422427532
794.4837918698931644813183753
795.6065961561624126279125580
797.2634700380355849161917046
798.7075701662962113096919534
799.6543362108976327728268907
801.6042464629820559666766161
802.5419848784181496624171411
803.2430962042701941902262291
804.7622391126617639515957840
805.8616356670948028368031915
808.1518149359937473923558586
809.1977833633007103877196048
810.0818048864070998915247299
811.1843588465062603378843275
812.7711083891093427198012887
814.0459136075109935019676008
814.8705396258725677840196870
816.7277377143947163165025748
818.3806688663616765115867750
819.2046421708238626058240388
820.7218984438692874664310218
821.7134541333794018098760345
822.1977574934042771435818556
824.5262938716297481637664849
826.0392873765743835480141635
826.9058109540807719796644509
828.3401743004899003705042151
829.4370109683093336230475915
830.8958840533174007300786176
831.7997776590705830743246084
833.0036409091541995383112542
834.6519151478255758073453399
836.6935761875918671688703408
837.3473350595315147674864163
838.2490219927321458365470959
839.4653948102824755503103022
841.0363898290134237244114847
842.0413542065263713333676992
844.1661966073507688213461011
844.8059939757637268812847766
846.1947699276939977636625185
847.9717176395120066363275848
848.4892811809435238248867303
849.8622743486978262643447147
850.6454484660040923782420482
853.1631125833891553258394721
854.0955117198690586200182216
855.2867102444049363482284376
856.4841174907916628540349249
857.3107406026038260329642300
858.9040264664756944128295737
860.4106708960146707515941401
861.1710982127153376059751104
863.1897197719089342361101301
864.3408239300695408556874998
865.5946643265159653951068771
866.4237399040426414629795887
867.6931226117850062387685271
868.6704942291315966678382746
870.8469023257540162057952755
872.1887508216132077558732281
873.0989789712819814983254030
873.9083892353375304396299858
875.9852851087803223743924412
876.6008258330274423972431300
877.6546983410334751440220931
879.3809519697909824564618001
880.8346488479393902830322873
882.3866966271964612523846504
883.4303318387016456845683374
884.1987431145947269603842792
885.2723044796171270511980861
886.8528019629162983720333299
888.4755666738171947737263887
889.7352942940907370974121881
890.8131321125280636861959243
892.3864332601558693417409993
893.1191175672942583361755429
894.8862923208687161421929036
895.3979196747829650553968594
896.6322515562027200335265867
899.2215226683834193900956439
899.8588846079374834442658553
900.8497398605213961178246412
902.2432075867522884616404478
903.0996744426304549466650464
904.7029027222813207743240914
905.8299407582222094048394107
907.6567294689675253115567135
908.3335436450609252807081967
910.1863340571798425653525517
911.2349514859555040925975013
912.3310456000355872488071672
912.8239992467433953779922167
914.7300969583756133383752392
916.3550008086427658914208429
917.8253775704267830264839643
918.8365352435290295712489826
919.4483444396823047817651294
921.1563955071548533673994052
922.5006293066367702662453291
923.2857198024222426739431026
924.7734839334766644162464558
926.5515527846030289415923751
927.8508589857535941478709616
928.6636593289348922887562904
929.8740928506477547771060675
931.0092113366280729542761668
931.8527407455200799216863424
934.3853068372584647544145412
934.9954248638464596176097376
936.2286493792829272137186639
937.5329257119703812729162339
939.0243008992183821842184187
939.6609406145281659856007545
941.1569996420423726077709969
942.0523416433754978743899456
944.1880358095727445119785016
945.3335625030459461415422389
946.7658422047278511567321672
947.0791830962548779651194745
948.3466462550449671666050860
950.1516126846438408647468104
951.0332487338235099744994105
952.7279886198506260846675213
954.1297192695514153367580094
954.8293089382166371195137628
956.6754793432897960231420321
957.5100525964237224677287691
958.4145933901361809700039995
959.4591688070681125609996090
961.6695724741927533426686575
963.1820866713114469971321900
963.5670401916122706718620995
965.0555796237511162249266948
966.1107548184102040187246213
967.3711537662628543151647782
968.6363019060873264080899055
970.1256105569411754792151196
971.0714914863857279402510346
973.1853612943011942216490970
973.8730789926535971942325635
974.7746350658374298753031548
976.1785024205896093441877982
976.9172021170506220214172672
978.7666715351129744540230067
980.5780006397744180613389525
981.2886153017589694593644343
982.3964851687789784014102219
983.5750760064313287555331134
985.1869286557734357695285651
986.1305151101845266493739882
986.7560084076560356217778391
988.9926223706574066073661837
990.2239178040279723629781306
991.3742941477615054318634333
992.7286963367326594436273969
993.2145809574429537075230711
994.4045905710944919000278055
996.2053361642982864835279814
997.5119347519392292110298401
998.8275471369296331305196154
999.7915715574129404631631472
1001.349482637782737122103310
1002.404305488391711308159328
1003.267808179453248257528202
1004.675044121172894226133347
1005.543420304378364196611048
1008.006704307063646198139820
1008.795709900742282345772557
1009.806590746964629457281936
1010.569757011061075898566516
1012.410042515761596842853262
1013.058638098408985072652638
1014.689632622370404688146438
1016.060178942647378130289795
1017.266402364355406669714862
1018.605572518620154950983568
1019.912439743944038361671517
1020.917475017263678316147084
1021.544344499904651907124085
1022.885270911716347825999663
1025.265724197727696366628312
1025.707944371462889237727701
1027.467693515587770273397423
1028.128964255497517877669532
1029.227297443961366731128704
1030.897368790596523560726556
1031.833180297407762541224224
1032.812883035158851460651441
1034.612915529520810066174341
1036.195917358054740253982928
1037.024707646281749750577264
1038.087752240618836437346942
1039.077401436896688726679599
1040.264037937695760831152926
1041.621528014542274154711708
1043.623954349621493870450095
1044.514975829078768114603313
1045.107042352977911390650396
1047.089817484294784221114651
1047.987147489600471131321597
1048.953785194685961633057025
1049.996284256593219755630200
1051.576571843205195795578149
1053.245785158385757625610521
1054.781039478281349906798793
1055.002146475685736209353382
1056.688847363828229857524791
1057.100043659617783603061086
1059.133769106897146229421300
1060.139518561607819097238993
1061.501304465068420063120212
1062.915381507880563602453375
1064.071551071718540425286030
1065.121855106293055478579823
1066.463223469242981943778819
1067.418860120964558059345176
1067.990000079042625467735564
1070.535041996829262809353100
1071.618623215089537904728055
1072.543998011121555348782819
1073.570353165093725437727709
1074.747771044310998579294216
1076.266625594177409865003750
1076.924056065754446887585362
1078.647198480956364694290515
1079.809965429259069213571664
1081.171002343467803785066479
1082.952749723069668660791992
1083.295466514085606768340680
1084.183264310430216143163849
1085.647831208639340712020067
1086.911998989825093115565690
1088.755724674808801471697125
1089.795337924074774958423569
1090.863191026248860785008990
1091.728472966936828999399305
1093.440873272368634680795586
1094.284457523754159836338559
1095.433084758661478689667485
1096.401917794742528502149455
1098.841015466649861787294734
1099.360667178571795594616512
1100.574460622462563218624427
1101.839111168756013405011214
1102.551779899917722746785943
1103.732297174546935847596110
1105.617188830762071517320809
1106.774371675832775100917448
1107.774531955010136933151671
1109.158918856766451887805175
1110.444142993613205803273028
1111.443504764899896587418373
1112.432995408076444580687919
1113.397595114801993513614434
1115.065359461566605676530233
1116.787253881214524190633040
1117.965919669199670945477582
1118.684134861018390903878123
1119.473247426178982901861447
1121.155937675810569905373371
1122.458621356880512254132854
1123.101117387809200166664456
1125.314729397846470079798977
1125.763442429252559466443972
1127.658023527215719230775274
1128.430224613892711372106029
1129.728996777065562175089156
1130.391597896231670832010908
1131.495085561917043222286892
1133.708625669456235851410275
1134.885654591533196430624198
1135.562213975477545956522046
1136.929293480969529785469667
1138.151589779805540729233532
1138.992341820493635893859992
1140.721848171903359752655330
1141.261022964136758329982282
1142.858659607856481118498800
1144.782299518625341877065291
1145.485327517117106808017282
1146.576814924866953406051744
1147.501776523319316091299835
1148.615277208834019003767233
1149.982601028107097665448817
1151.562814723673218149388697
1152.943128530589795951638659
1153.890303716271268026582983
1154.697519535382382913171213
1156.621567833872543410579115
1157.432314575610906332865252
1158.001609027294966145086687
1159.480657019022297309404835
1161.396644634378091498488891
1162.487528602005427804017687
1163.701031682778615587642197
1164.737586351227609934620218
1165.271227706457693605533588
1166.943613409528712677105954
1168.086271610138794297937928
1169.698356884884906186468513
1170.463638578283666041216030
1172.120681865695599846400740
1173.305687764048358727042162
1174.232766856456302652064362
1175.215452395950775247030933
1176.632875809788458632993829
1177.106304421656146949000119
1179.701223501933898032583977
1180.653543787084385330873970
1181.267318151680018959132976
1182.582270346920390440041119
1183.712775295974315349890398
1185.155842847465792283020141
1185.875358695356620012619089
1187.345161493267309955546584
1188.856444298229306788806152
1189.963636497918443343748637
1191.482605926413470865133378
1192.218611478101545077892206
1193.324021427455080275389661
1193.857427135436991965941166
1196.034671748671062232111540
1197.071786658821966804479467
1198.686569104630566476487012
1199.356513707893968131881111
1200.532692031219914310338259
1201.810334856606049786460459
1203.137350861425479452833490
1203.855247594097002027002589
1204.985492171466410715586559
1206.870499793853068292137946
1208.471459949531031462999152
1208.989484167939025676652545
1209.898030087545955753378479
1211.416115892798123060478983
1212.113153066319792624394280
1213.598372680368218485135053
1215.389975065045634269813770
1216.183722033467416723772765
1217.174482497738919039771914
1219.050028177406163509276831
1219.614471310858484310221719
1220.816347690978131430685362
1221.692242483143733211792524
1222.952484095108358242564243
1225.018330024168539197351757
1225.855020760795715396661367
1227.231827641490931924146161
1227.917141614400044405946349
1228.793154362981171769179034
1230.584603154249275719501759
1231.562273877645398164718179
1232.529587040597895551034138
1234.277816653431788048844225
1235.502548526520997318717427
1236.399017465778995865444359
1237.977298513581145513426436
1238.457232795661807116333425
1239.490807146795754277704675
1240.813471785216266891520206
1243.078076398021118881519514
1243.538146526114259980473869
1244.851433966983858564581683
1245.655866188147822478803875
1247.372561969855643915704176
1248.063061053208198685149450
1249.159887953002983340583314
1250.672397275678117155089528
1251.659832004271221180037586
1253.673577852107102018380262
1254.431328421773449368516753
1255.408230645290734638381555
1256.181214198460866068255744
1257.541219412644114426823188
1258.779233488595053190671357
1260.344548316185519868179071
1261.611717161479839904325259
1262.556614000356224342557735
1263.676732843861793330399614
1264.957223006999789287695614
1266.179037760562062242830000
1267.200345611845489220289946
1267.570571779440223458643778
1270.118921886492603925191178
1271.134299631609991400291682
1272.083959599332897422895647
1273.261144633455752813727490
1274.196220889480358828122459
1275.092030315840457781671327
1276.842171555569794685535189
1277.763091986346820920609619
1279.332843316708251394285230
1280.155794409022930466591477
1281.828726959699933928864981
1283.000491386699676607703115
1283.335032138879280600482555
1284.854795154621657840431161
1285.695023331138592774774948
1287.410026617075316131672787
1289.165351532773061481413110
1290.104771519807337889521809
1290.417708073042503662543602
1291.945870968083198400458038
1293.493981557417445062020447
1294.118474377848352386109778
1295.365363505358250254932173
1296.801110992347291502194114
1298.256527067889529432349222
1299.405171250743978398316023
1300.490018982447638393470943
1301.495516680575058356356018
1302.346742379246917920513253
1303.273200228794143469156008
1305.401672188004384663012316
1306.508393312968836971733721
1307.267242107802427097784151
1308.988196517643387242108335
1309.421532493255966673810812
1311.056570511111896663932336
1311.966940608049354868810971
1313.031599369019664552442946
1314.052565651726166193373467
1316.212112602854049780290354
1317.072986034829955001008389
1318.171279132165052548580337
1318.947880596566338336391281
1319.931082877536473052035280
1321.628138551912418057465926
1322.258067123391157945193698
1324.224978718844330913229196
1325.237624358982335353497465
1325.981969630446281223042045
1327.635281108457449640351741
1329.043517996518601239811852
1329.205018785483634847618474
1330.429937120459263182660791
1331.827591385285217523542331
1333.673522610284933270975872
1334.747329051689776530339478
1335.694974526002066589015284
1336.690184653385871053535241
1337.688791809669949603148440
1338.923164598670349828981969
1340.426400457300175789734022
1341.166272252926387071935128
1342.608507883776861327500373
1344.156044003595790998204329
1345.477106261398714427407301
1345.731413255418407759006722
1347.519471750899911107226733
1348.017238018736410091624038
1349.085194014047657980739438
1351.296206374096718009837682
1352.210465159175538379448660
1353.483338358264576553756178
1353.886781971696227684236047
1355.680595320636491886857508
1356.605655709807953919674522
1357.771742828579464071801419
1358.460160399159026437355189
1360.393144762191152312089752
1361.393074713639681698890763
1363.022328603280756838542738
1363.879190797134472437964698
1364.576584896753972641279746
1365.493733551295247265435774
1367.104090970008230879955155
1368.330193307985894894877702
1369.686949077342916601033749
1370.973522767783644045921669
1371.686553552827391128829532
1373.202914562373382103296370
1374.154798658640645626519794
1375.302392344748902154820555
1376.161779993619352038764812
1377.177633642104626322481926
1379.683283028612926385771578
1380.148578441692403063928152
1381.073977149205634870656553
1382.345662978473679887742389
1383.297591007946474903316758
1384.444415847760082973395629
1385.663777011192686438873914
1387.326647663489530605697250
1387.921454127112797023168503
1389.565831798393937195009655
1390.705490286427665121514623
1391.853200443269755384526891
1392.644027788548648255831026
1393.433401740793665026417471
1394.884184675680354479029476
1396.544163123682501770247637
1397.834623321387224279315356
1398.837675201385865233910782
1399.839472941206481467053986
1400.426946297394298261051425
1402.564347250065993817191111
1402.973747640919208050497319
1404.006292170522757129440728
1405.666975059246875092257325
1407.085142776436486841203862
1408.136307496189550754764109
1409.320681079838957249711183
1410.024810725802225833083299
1411.257056815706623860024231
1411.965653461773004284494177
1413.843148788568852998797604
1415.585784795495351208993039
1415.781581303282910082772037
1417.102822933822614755624964
1418.696963852452165675233052
1419.422480945995686465989038
1420.416526323751136034375251
1421.850567187048653910706808
1422.461310987507366496379440
1424.463045669579022246795143
1425.873469244996591079289818
1426.645979682120039380197025
1427.365671109426682028960842
1428.592305875978768705860941
1429.650477276191545764897583
1431.218313672751658422362577
1432.049740893313600726955860
1433.821940737065160513137540
1434.584942168260123966068736
1435.692907383419277383952916
1437.226721623801248684463350
1438.006284841722401518352473
1438.949552746882798976178813
1439.622793078163983973974819
1441.960987504861836180539031
1442.911059580896858867879324
1444.041930706366562243066105
1445.072278459201045744066757
1445.830084779710020783356237
1447.226227099975794392215935
1448.323853515725453517684403
1449.488771280731257902871218
1450.773561858297330089906757
1451.835297999393383264246395
1453.737596757102226254608748
1454.226011260226279618029637
1455.312091239819668355061728
1456.167797608387255558047067
1457.539001668411230439852854
1458.393777368687248897353185
1460.688270535419103886417490
1461.245443345159955929938184
1462.266123265787259537550514
1463.286891190427541263050980
1464.696903297876409962361457
1465.889557614085268159057371
1466.505621107887723368923293
1467.703989586071013401826983
1469.347649878269645799291096
1470.966589127164967200423743
1471.388764527106594515568524
1473.020132324185711143723154
1473.745649185746533474087355
1474.203221565698878785627052
1476.092127038240920702570031
1477.435191147500117405004712
1478.441395973412948585008262
1479.759918706490077675395633
1480.766879017982257679543409
1481.964684209802309575730817
1483.032959958071480650361945
1484.143580881755407774916542
1484.817883231203726576634667
1486.171349027557139928372310
1488.116337976228270527027221
1489.252466946430123072027730
1489.970892204678885758734260
1490.670693814603265610717512
1492.180090544016411448622234
1493.330835421270217760647292
1494.155368613688803742654171
1495.768832978941731640262413
1497.065505571710063707657608
1497.747360933121155702567135
1499.640824746619819727062875
1500.351951516603164877266465
1501.119324922131586755267132
1502.346063292399062924653132
1503.090933126680493369498661
1505.261529654671910926654104
1506.152986138113179314532482
1507.407505163830322280237525
1508.253031029542275305300182
1509.280419363223243290159293
1510.391797446473538038311462
1511.923005459002111188460007
1512.589764705458127802798436
1513.589765539918677586756080
1515.708343586873929897339273
1516.435989718758455005481080
1517.719806254130186785136476
1518.414791487253691070493351
1519.741009493906820862830232
1520.273622220356154270041308
1521.901909065460911395427839
1523.486047149258880136594550
1524.724892160622186989841601
1525.227837233791800071450719
1526.552311910387456833343072
1528.040930429297572159720535
1529.034456728701310627987139
1529.369975365194524165597030
1531.020742970222322575866751
1532.222326939392069528772873
1533.886977913201592096682980
1535.042277471206664585291168
1535.769502395248204327718605
1536.620701824029871898280469
1537.651062167944922464754311
1539.302854855583229427846006
1540.030270139506368973723269
1541.742248762789003493586595
1542.496522922766279604768808
1544.118670054520289895367620
1544.834608227519480110202936
1546.091197786313297886144802
1547.297581121406901368000415
1547.806563801857567812332259
1548.871348178725372883927952
1551.273845326404526567957097
1552.006872837670069396825301
1552.736105329803855130255030
1554.156519109657777788806100
1554.921285164991869748802058
1556.162987497552752345744614
1557.394507017690490987832151
1558.339152852351962786385835
1559.781154390710235255259289
1560.876475777809452139941141
1562.410153180194439680536055
1563.385400958495537267918371
1564.177940460431674820589900
1564.915788262260135930225976
1566.266415601551516737195790
1567.623450717218105456669722
1569.022477804374074528560956
1570.509277866920837750153702
1571.045381485538185056935902
1571.845352088045338365385188
1573.806563330271403834712937
1574.230915429863777755373695
1575.638154952016551704401319
1576.161352363424377561327489
1578.118826945782786074640761
1579.514055067740677248002441
1580.372081625471549375070564
1581.363551773001820393000672
1582.329486944147176256569251
1583.394693435421748433184338
1584.234848066376210517871719
1586.293210750337776065599306
1587.004342107041149829094812
1588.163404028904790148031122
1589.357945949557727776030932
1590.835904321394104771306426
1591.293884373572356231406265
1592.637167039234918473436351
1593.584808188861926335470884
1594.442689655690523961912616
1596.484492409654675246698921
1597.715895944423128646336882
1598.420798549670449745762223
1599.619348950462806910981309
1600.048044903407311117640763
1601.911946228582195319048510
1602.815404793726602517535982
1603.655202996124079668404286
1605.521646646623348704333011
1606.293418126574223498511636
1607.556905211982879540600896
1608.836295305010015548216902
1610.003264190037944310470787
1610.253823162574488807567725
1611.437141269554780419201858
1613.078855451027423513522694
1614.710627852161491739637426
1615.574608718972008759901372
1616.398394841583644176829126
1617.734684840985208560999130
1618.537517831977547528321461
1619.952501261128849053360875
1620.774310821388562418884701
1622.098751698022960734551908
1622.977767699475580047234466
1625.021856657962789849854663
1625.987020163621172241549750
1626.399919311635551920494360
1627.755441276315744955155585
1628.715316856763230191984860
1629.658668954947761462749036
1631.194814551515752982858171
1632.798183570708816965553044
1633.512516889737263158084534
1634.516822662067080706424222
1635.718366326213799525578526
1637.089190173370945876388902
1637.994643586012752332015804
1638.599658304213882696396943
1639.821235729830195521375523
1641.899819008504577039430071
1642.489779822378073057345307
1644.152065959737679196727043
1644.713745774667882876164371
1645.573760362766078582486625
1646.624866593178890765820654
1648.270598222531697807582657
1649.118535409240123292286317
1650.416988983048381149984089
1651.732693341395981036998068
1652.671065899601207082318964
1654.205896759371166943082320
1654.726652393321786381752186
1655.822775676771767318206885
1657.114236399763082353706850
1657.567101179321441112896041
1660.019980337998945424468981
1660.860056833300810301495924
1661.836892884096688304723361
1662.377202549280083467248089
1664.057265418110030617261084
1664.968004486365083806974558
1665.877640414486212330961352
1667.241125051711277139386878
1668.368229327401862652189856
1669.669728452399209150017801
1671.047182433303181979263957
1671.984259333726273942436666
1672.963370830781056597758264
1673.687445333905250511074040
1674.648462097009754796137424
1676.362486323950475216755749
1677.691227141526503618623631
1678.630368091063650393493431
1680.077946716809494439834994
1680.504770112847052080567356
1681.812320174266013360627167
1683.273289260666770470468298
1684.171656837064291579028552
1684.558863252537241861381581
1686.421121947838197593276938
1688.080142693176588436740353
1688.933868509784624056562112
1689.703154256179788865819394
1691.051559916893075944593410
1691.515192892035152299187161
1693.053020930197146867152899
1694.017564652607856866831464
1695.832554474187265513088078
1696.654997439785656348972200
1697.342514286564009349294604
1699.229547187643018792872352
1699.966817266863858564388383
1700.820303245006238733439289
1701.825550997047417233553919
1702.923249764490519399324115
1704.291412426679760281343751
1706.256032431560377055487520
1706.615665035026012470105195
1707.912312493324514939294588
1708.512116178403088250826828
1709.780842298580484923407573
1711.137603258592841272860739
1712.155397654322368843190510
1713.055341727513109628706829
1714.717145255494530380907073
1715.825283039820567835619201
1716.769983717394902744361582
1717.974485066158528153116257
1718.954152498583751996121483
1719.724469321831035110476899
1720.498070947586531810458469
1722.844661739915648825986835
1723.532822631259873601000923
1724.733958737658224911768447
1725.638628019973830653353180
1726.605700739885404462597420
1728.166506760965425040578810
1728.644486480371988396949392
1730.023872544779144422567863
1731.014193761857181783075164
1732.430169859256836542028663
1733.840825021430013404403100
1735.175466021101098339878090
1735.624715342870632327563694
1736.305662733237988887384858
1737.893884786928548284183611
1738.783237588816054261497202
1740.169115680140548587293998
1741.779167808727257289365647
1742.467680720782010198985593
1743.426436858721626521507841
1744.721511937699789776716004
1746.097498595632694981088898
1746.595456627128205571697664
1747.781695527752417747951427
1748.563987381080216827565473
1750.822818489839100496969714
1751.617794946251114836818310
1752.511511140665935993365667
1753.661355243139538151920087
1754.763369874252878074452210
1755.169694068142685182723627
1757.046518460723108432760771
1757.984077032818179991452682
1759.240085646681894957162857
1760.215166242762324185107829
1761.854899938728070380092238
1762.497688870660621630554228
1763.719121496287047263666529
1764.591476849091958354745758
1765.400493991783835727808902
1766.676243599477873545201071
1768.295971136341381198622175
1769.940952051635838334389232
1770.243677312197348192617139
1771.212944983546526725935301
1772.328000363591359307656170
1773.894915510703461811879518
1774.660430990023590107676950
1775.341987573747291026905672
1777.255860224057987062985496
1778.041734762249298116557874
1779.552270809178961606809314
1780.665228492998657232798024
1781.355637722819562971966505
1782.439067320020181451752014
1783.084829519946484711479716
1784.607946396612664868850458
1786.342201179342528821325829
1787.049273086816266390256603
1788.215123479632823247643094
1789.242179963684720140863511
1790.449562369783540465519493
1791.254409818795450149147779
1792.616102735198182735946278
1793.525390652409514822063232
1794.178482007255591198750742
1796.465140537430813751114255
1797.376335671136769855691075
1798.147067458075746926822764
1799.231647209737400400064614
1800.024724019739154568118227
1801.309636945287992131076646
1802.301283491450569858835964
1803.796843813365957725242923
1804.904160974812015447910251
1806.289667019497781635010975
1806.578391750963925581048890
1808.714431865474890356507883
1809.119273788287333095646767
1810.108892987985804546815042
1810.873719158854715653482649
1812.420077002105519026846574
1814.024140347615513423617196
1814.973082363495849025905560
1816.338611219674637287877667
1816.758023365350853184434865
1817.710608563342472647763609
1819.260334099488250564022225
1820.187882186811219183600837
1821.305708365203909060315674
1822.427671440302586928807853
1823.766265895773287956296196
1825.213676893013383353733072
1825.915683614928409365476644
1826.795455271492655557558674
1828.211270499973141933934055
1828.621091758031140727573016
1829.832529709939702045809013
1831.936379901815210814257718
1832.984940243731554247653810
1833.273239032730321520861053
1834.721559748608499026127263
1835.883754437692548567061628
1836.827672515957489640815384
1838.086943305644553436012808
1838.640288707650741070799645
1840.195563473357363106727497
1841.478582570643394257082227
1842.875955278667221445726715
1843.771057743069120456561057
1844.759043650095888927068813
1845.417534146424529184835946
1846.353253420516416602189404
1848.330980622383731433415372
1848.722760910890866404390834
1850.601184047651463659879442
1851.400361994589779203914371
1852.342204733386277236302511
1853.519342920989503777937861
1854.855632115986727770019345
1855.592934937055467317870717
1856.389179153523854467583731
1857.498074814880186030131746
1859.495271568794459978385044
1860.541388109336813481346767
1861.379671547232853462528350
1862.121464928944214881546901
1863.425464845096486006563125
1864.353981335746251375531281
1865.367433794057890105678291
1866.836547018608191339929457
1868.085190998609224366009378
1868.706745684408117519670849
1870.421471768310790151708991
1871.416043098407145326019776
1872.441566428192717588508827
1872.865667637967680009891917
1874.508361412660135338418593
1874.913774010039541468588008
1877.095064167339774612439616
1878.022251482753471098901815
1879.153303090461328571736815
1880.082325418994379763301187
1880.611766479656867414168146
1882.321974797384684057811891
1883.408724269518366030718166
1884.005778349667142356788438
1885.198075130258122876007111
1887.053894806890124232468482
1887.808841416832129527162475
1888.938182636579454999549851
1890.348128614244545597396401
1890.612128587933260930813629
1891.678510539728787851251101
1892.867701335791115341100171
1894.558537572429687187310840
1895.697155653584563296589496
1896.585494347168901175289023
1897.513692859711974093951382
1898.829372818679482109816064
1900.006144829143996610551645
1900.571884272414833831619414
1901.891305750600065080568056
1902.805059206680062983353913
1904.089325323351742088979185
1906.102756198181956502046630
1906.597678003766215393603923
1907.332780123909926346037142
1908.433063045051752229753468
1909.465930025982380253955996
1910.733659615891596477795009
1911.704690943172158628321554
1913.182489775883076813639880
1914.352300051674052677269458
1915.054629333347218570915842
1916.606371839519353790415038
1917.344704041566345522915354
1918.786498909856788986721343
1919.207778397805238263969529
1919.937457371217203896593616
1922.101625621993703442189010
1923.280837936417442057529686
1924.055831101440849519510024
1925.231987975406529411983363
1926.211583079894078458363285
1926.820092794871576744616648
1928.417518549519447858834224
1929.487560180576489987259139
1930.258387180387325797026532
1931.760069436524614011377929
1932.875754549946917778836751
1934.416436369151903416412919
1934.907943434365697510017571
1935.924848803745694844526896
1936.873093814278902386711102
1937.968633498019957719647716
1939.050029150544125716814474
1940.977326705859935993002316
1941.822862215780232950892795
1942.633568692246150914572720
1943.367947449252749107006733
1945.153796306367959584251285
1945.922716949483327186312954
1946.609945361877410311279881
1947.917047737703604079913566
1949.030030073606550736929822
1950.743201552863158598429693
1951.536695873054910398384883
1952.850129211865753276119948
1953.448556325135770052820726
1954.418588175214116790112211
1955.315809283718388686037137
1956.848164578215508554636602
1958.314403555120358564964894
1958.851883463194813846470427
1960.418845269381796764848125
1961.359277880014379508300189
1962.233571848579798072580395
1963.621184573202069079435794
1964.357390938095597209784244
1965.377829505103857030394318
1966.117658574074526474160767
1968.471602019420441852810623
1969.047617546527828615054755
1970.305009517033761407286229
1970.855547579945944308915006
1971.970312804811386640254919
1973.182663405938679691731042
1974.347201910120085258704640
1975.080610302266993556027660
1978.801448167731529631538651
1980.371772287051336927130119
1980.910043091024233255044381
1981.748768897263483740319955
1982.663279195276514024133931
1983.923804622260659671098318
1985.416540174526740221855571
1986.757107716415197970684357
1987.873473360724317378890268
1988.251876807355766020764750
1989.702002708021618926462623
1990.478352526426991646736489
1992.001706393527902715477357
1992.784987875157572781736552
1993.577493138259984639429090
1995.168739611888537748106731
1996.796176966188206905323362
1997.390914059611449311914753
1998.279006925984822422162111
1999.545764176267588903843297
2000.434515302432246776894336
2000.929620689184555144098126
2002.896408374361740688187683
2004.139669233270134958655819
2005.077848124098759130623273
2005.900934885785710899243467
2007.125180170301125895340904
2008.418240330262271679373576
2009.176634122949589834428979
2010.153324767559326408443163
2011.020705073650057571084117
2012.538935477421745332358319
2013.872097713990826264798871
2015.186728608706282909592180
2016.029638032375393523384100
2016.800075655845732537992644
2017.386767251961558011384640
2019.264600216064099761394157
2019.884367139755293053501543
2021.196042768892788024379584
2022.545617684688266029969869
2023.572911777100747848271680
2024.488262157951250297378692
2025.878906202481560989771901
2026.738258912152097653909175
2027.573317055997542412336868
2028.582459354039951631889668
2029.385479550966647379168453
2031.750550690618736964454253
2032.420780856286430224698595
2033.017892745669815810169571
2034.554828788956165086574179
2035.077440096304077976093505
2036.527526483370326716540931
2037.217111094340891563124567
2038.841738250867750155856596
2039.443218740104451849519992
2040.839119673138223887824763
2042.344586250604208897862196
2043.217116563323964478921317
2044.121593291667495425138586
2045.037320859814820925431351
2045.802760431561935428444534
2047.098336345607132274609247
2048.454094066161112393306104
2049.847525605716069264195001
2050.906055384684548381376989
2051.718388196256319161919762
2052.407790192401017867405252
2054.059916898485734258428447
2055.180267326166661282723418
2055.572602899048872178760211
2056.620866689893779289874552
2058.450651118906136128173580
2059.448021743771458966604380
2060.868247208107968375762558
2061.367059202031889720619402
2062.572650919978394091831868
2063.283559498380763148583800
2064.304867699634148083154938
2065.832672281911464707683243
2066.985229377985287351231629
2068.345638527370094715794203
2068.669941082812694161775897
2070.504717593445975155110773
2071.377083169758596449908975
2071.990454814760787099573070
2073.397603715768406627215893
2074.171064902152487264222440
2075.028065544832156633203400
2077.117570136877207022002059
2078.155484639214284075548205
2078.939288114876902368812185
2079.567628461893227357227005
2080.910343457561287922134181
2081.799686563577146136113479
2083.300276858827975710837823
2083.779992550167397584364966
2085.389813692285986675591126
2086.580318534381421521997952
2087.473340987858016348050095
2088.712281198732581189418399
2090.036206757016941573504198
2090.447550027415866938227018
2091.221580661131263636869492
2092.473218110071891742317606
2094.335917468631955154829188
2095.138256660294823669283340
2096.346529979252588528502926
2097.371606357192894539270651
2097.951922199887039635414732
2099.311651265061347463510065
2100.593745236861240663834095
2101.135489459108414918273086
2102.535100215297700958108874
2103.390454808714039348514756
2105.372206591799897773388795
2105.994704339286241676884019
2107.172362432443341469705391
2107.617911407514327794275690
2108.938384889015335597987949
2109.963143181267582022437985
2110.822371848131822017465609
2112.907087523190777713859148
2113.483966448430801284967930
2114.396137325889992385977941
2115.506602794684114453519933
2116.900056068394727573853860
2117.722399441362978078897660
2118.618646217029262713151929
2119.456428468939276684167707
2120.691562591843950542791599
2122.465151174928362415617357
2123.344042303462499324835280
2124.370368737568878200365557
2125.512400029151939221741182
2125.958784840373305395253950
2126.975711192557988962679723
2128.752290554262836645244594
2129.406080228328442997538795
2130.555102283235916685014803
2132.080620992942643171180820
2132.798516467884154644985004
2134.154933985037924172455068
2134.950772504315672128920033
2136.086897524703213711696960
2136.967470548471870359072927
2137.509940525910913575812679
2139.380759985201107577489735
2140.949362639097040588205167
2141.710035960389950354974842
2142.355043196035385267586997
2143.374444180537885595292351
2144.895337431360428693314714
2145.505753734180824039627220
2146.625894475511517827017017
2147.785367345630833855220488
2149.151849382889221886289068
2149.910639858102119005478010
2151.776885116465025947985794
2152.390226596919655112432866
2153.011964165386528639099433
2154.263623952320336028675075
2154.935345848225473123273305
2156.394727255681689229442681
2157.856489565353127032111315
2158.878072291083204488174192
2159.902286017170492481155025
2160.853062328184191260621563
2161.692172189209531650796080
2163.107122285732380342668448
2164.049720356357350273506010
2165.011437174314295775248101
2165.503949023375744210702306
2167.693444254746848034185579
2168.890615851853982383041364
2169.263829283364955071557241
2170.787074973015736611502975
2171.396361926494691625652739
2172.250962827516326407028846
2173.528296969316612154216666
2174.745020803476645526704780
2176.204119466215638373482620
2176.939451698977405984224536
2178.004209154761124386594338
2179.232185029747187483630872
2180.495318259278780744339888
2181.252367010681768361235447
2181.725783029819561812588327
2183.330584017279937627069764
2184.103190760680534924828557
2185.965528320683109004492938
2187.085690959372521088575431
2187.798455877827899041430968
2188.558763203088543232259963
2189.497072902605391629206738
2191.093363045749275649660771
2191.778017400507988688862891
2192.826770539861208746918387
2194.231530050449700562117761
2195.231687681255784973870062
2196.715977666758543540944518
2197.258747040205904491145551
2198.687512684367522333656835
2199.302965320969583610066964
2200.351020913263048427462485
2200.915953025551824504694199
2203.277453730646011342180751
2203.906364583773548146897147
2204.997801754830107949104578
2205.855761245543920529449325
2207.172161914952220288887636
2207.802741336736954730745859
2209.153744400263258074146342
2210.208014989250364449370027
2210.850941099296166739204014
2212.343568400036404349869525
2213.700256248436090459334793
2214.949925632092495772632853
2215.820565690645555032710022
2216.296375887645193428666787
2217.469375116225193432525859
2218.521006913395296268516627
2219.799815698361061789549845
2220.852158848914182607607411
2222.636604588097467856896260
2223.055057918810407973036355
2223.777772507214529978820884
2225.564645117169426005229884
2226.332734405575587132704852
2227.246229376595376532187446
2227.970573882256309379833413
2229.127958910123303939273386
2230.898690856217248629392316
2231.977154074073314006073964
2232.924853868966181778426590
2233.720222250312906190766920
2234.814934531326900014300454
2235.546662135600063188542723
2236.773643845099835781106978
2238.154799519297615396552827
2239.167743960236659464470441
2240.021209470471096399310613
2241.536186523766402052072957
2242.621180159379481080589056
2243.373668418961998535763651
2244.370701700430338609059323
2245.565286531271342234985047
2246.016558178285626968099591
2247.364431251229392022478595
2249.550198573537092658359245
2249.770766552723961276492584
2251.046641941553166316283645
2251.845318338693399357920201
2252.678432673838856581410904
2254.562246994389553108462507
2254.759079001303995297452668
2255.824565571536941238408098
2257.346384683132800660565377
2258.501847291145838169489466
2259.517842057384273982980940
2260.890259416800265121190969
2261.660064449481099011223662
2262.674430648209799538701922
2262.878305381161112230151229
2264.676399705770246638193746
2265.768446115469447788882733
2267.384501067544035832233656
2267.879175337166069873946254
2269.226998261609550659237249
2269.919103216838346848388112
2271.326282468066381371305890
2272.049015701237658460441317
2273.347534053164474274792338
2273.956289145943056055512195
2275.068664775971333509602637
2277.079317756623523062807517
2278.012628393305380980863648
2278.525942155784191746960418
2279.507305841119493754732196
2280.870719852586209260019213
2281.356483614546293589524872
2282.690375137647892348961529
2284.056011459351377862035859
2285.222242364866503875296739
2286.149814140564054168645911
2287.046158671010604166010393
2288.578849445764626369873851
2289.336284710134150106620469
2290.241458210855731249567255
2291.097663612112011932513508
2291.928901252490557180191685
2293.896145106086756681450865
2294.687918411714311439957198
2296.115091188330346115294906
2296.998522472515126633932470
2297.372647579809593948834466
2298.612363365660205666884879
2299.961577620089686754623140
2301.234125798830902957743067
2301.454840351728464478866041
2303.295481982573223044669907
2304.305138670374533597112821
2305.508356788681968574967461
2306.517733070003535106322043
2307.355553370478083133853316
2308.210284634764679012544884
2309.370358239529117023469288
2309.931122384183622924544565
2312.047996449610743573025858
2313.190914170747899328309423
2313.689359967223960407923442
2314.621182113594161877086396
2316.049454719988829155005359
2316.962494504840772512444383
2317.851531864277040303424186
2318.826035336430148359696322
2320.088523204027257645796801
2320.949531628659605165120470
2322.812632606693334256532358
2323.534274240766059714837527
2324.512455232258388954562435
2325.557096491765453917641883
2325.903015927513107748495674
2327.376855819699561060512077
2328.634875101168609268480065
2329.705723406449555690779525
2331.013110289572893027477318
2331.942707806402767833812387
2332.987765432775017684268115
2333.720863373782282747764250
2335.531712574450956361888591
2335.867153805649781363537750
2336.621036786238721339516371
2337.761730158820696863195874
2339.615683895982620196781503
2340.826726706644481424806939
2341.324596186215486662044818
2342.654041658469263808783809
2343.259158955008860152899380
2344.311216236151757824705720
2345.570483634473816645833842
2346.464119529787811114178932
2347.934254641723674406079212
2348.843423633455680124828225
2349.730054257837876706143858
2351.455046927851231854949326
2352.195701502536464589525318
2352.750870075454590985102914
2353.912135852353059297970338
2354.951081235008184082217990
2355.810813978290615356116881
2357.608315920247485789279316
2358.904705198415579000437001
2359.434859076439866835132866
2360.314285089526338651523924
2361.342541641932631563334535
2362.718317922921381033338024
2363.495617654118633867559643
2364.751176089117010111223345
2365.191515064131916564579356
2367.249219842959468477894333
2367.957701823155859105365685
2369.220577767399032026332223
2370.093390284232169389271268
2371.100747929721673489808689
2371.938137794610108150871236
2372.440347260055843739759904
2374.444230717816650288500340
2375.543967037372248899773566
2376.355463515560189748490909
2377.755407914012799016083159
2378.212961679662157315899100
2379.726502949965822242387966
2380.545657218736259306994979
2381.500123710437529731055363
2382.530830566366402181744109
2383.356013915980869470067027
2384.965071641182469726209682
2386.430937109503890289813461
2387.299084122336514757560436
2387.813568556078037286797577
2388.748207635493176415535108
2389.955988113666157004735880
2391.260549872403399478922441
2391.754982336622772778133194
2393.630593291699855331901786
2394.485367856046494015649716
2395.270169994647092172437338
2396.603878762616071581763596
2397.791643761773763503076253
2398.558311382532671158356593
2399.433832905785270121664452
2400.152356522131457194886699
2401.482998375771780651165480
2403.418798445345203891615758
2403.975315148967507493640532
2404.921593489769997569213901
2406.253988718289485260863640
2406.732851182109508443645523
2407.715910422269907279289371
2409.441502352419540345144621
2409.881602682879588253859688
2411.126193380777421369069483
2412.222935837284041670789283
2413.976123194983408606474707
2414.379879801270495871054210
2415.576893465994105812422140
2416.534054627703939300373304
2417.278087421772193108971998
2418.229443267357387460367438
2419.507917163071245463496523
2421.142943993328178887132765
2422.152084925109508781274269
2422.996230123486907861288705
2423.504146888716139414249091
2425.124760212556724475463716
2426.193437541668300473567778
2426.907064293753645127817595
2427.640896948592982256414256
2429.185595990256922491338258
2430.265812635944403068752454
2431.611135096253930383581890
2432.727569299254756631147946
2433.705896804703808934289892
2433.916873237684183015598017
2435.348894364694559702091425
2436.191600375091036395379191
2437.794076107826049841896504
2438.671790794044180200536039
2439.927127218672276058925718
2440.826160290635254748389461
2441.929836549998409528467016
2443.033560058185132331836651
2443.775436396199729327473712
2445.154381015220419422028583
2445.744952101154900370733060
2446.398523306110247605530759
2448.988312286035105355080385
2449.231032009292533392598776
2450.503650580108119102528433
2451.181708310084449221349097
2452.283365741213890626028446
2453.257485812084044867871632
2454.300561841789923492673307
2455.482288383525923952835401
2456.514551841288553330611920
2457.907999090218544684005627
2458.546799837128013408413617
2460.013579465506191498250412
2461.202295374506200046268028
2461.731628648041392697211795
2462.464294913853763629114857
2463.569667295016347843545187
2464.927816361223408559910718
2466.183097013192723406217924
2467.640860783779024698190378
2468.186816301115243238463251
2469.336263892497489229522958
2469.781485031524024309086191
2471.539297741996716948630205
2472.336417589482271067369683
2473.107124734645042194833721
2474.237849734393679511180741
2475.539353861002766769857250
2477.021755096104594156577887
2478.014854024809405242094629
2478.397597583125020440487724
2479.977351980870754122426865
2480.433606985092072927766435
2481.356767280358944597213493
2482.683411518715999232259873
2484.503238274744643366363546
2485.087590537419866510797040
2485.785620712392752240642556
2487.333836442726022066813905
2488.113831754193054379838396
2489.261157451637116742966223
2490.051090515746789809355768
2491.105516421820704818302824
2491.907473934292842644923527
2493.489295449123217227500753
2494.866177828255220973087472
2495.846840419501642755474726
2496.485336702823268245615331
2497.648465246601934549861232
2497.969973966752262396795503
2499.862042821255065686392105
